,Flow_Pkts/s,Flow_Duration,Bwd_IAT_Tot,Pkt_Size_Avg,Bwd_PSH_Flags,TotLen_Fwd_Pkts,Pkt_Len_Mean,Idle_Min,Tot_Bwd_Pkts,Subflow_Fwd_Pkts,Fwd_Header_Len,ECE_Flag_Cnt,Subflow_Bwd_Byts,Idle_Std,Fwd_IAT_Std,Fwd_Pkt_Len_Mean,Bwd_Pkt_Len_Max,Flow_IAT_Std,Bwd_URG_Flags,CWE_Flag_Count,Fwd_Pkts/s,URG_Flag_Cnt,Fwd_IAT_Tot,Fwd_Pkt_Len_Std,Idle_Mean,Bwd_Pkt_Len_Min,Src_Port,Fwd_IAT_Mean,Pkt_Len_Var,Down/Up_Ratio,Protocol,Bwd_IAT_Min,Tot_Fwd_Pkts,Fwd_Pkt_Len_Max,RST_Flag_Cnt,ACK_Flag_Cnt,Subflow_Fwd_Byts,Idle_Max,PSH_Flag_Cnt,Fwd_IAT_Max,Active_Std,Init_Bwd_Win_Byts,Bwd_Pkt_Len_Mean,Active_Min,Fwd_IAT_Min,Bwd_Pkt_Len_Std,Bwd_Pkts/s,Bwd_IAT_Std,Fwd_Seg_Size_Avg,Pkt_Len_Std,Pkt_Len_Max,Flow_IAT_Mean,Active_Max,TotLen_Bwd_Pkts,Fwd_Pkt_Len_Min,Fwd_Act_Data_Pkts,Flow_Byts/s,Bwd_Header_Len,FIN_Flag_Cnt,Active_Mean,Pkt_Len_Min,Bwd_IAT_Mean,Bwd_IAT_Max,Bwd_Seg_Size_Avg,Flow_IAT_Min,Subflow_Bwd_Pkts,Flow_IAT_Max,SYN_Flag_Cnt,Dst_Port
Flow_Pkts/s,1.0,-0.06048210454438169,-0.05711981599640587,-0.25582284140375533,-0.04481558233588004,-0.07889474624644358,-0.2564234518121396,-0.0820301901720944,-0.11140575901322139,0.4098071084951898,0.27897147765601843,-0.0024985088749869063,-0.1430192193704983,-0.015331040909948511,-0.009754212151817229,-0.16278226305242893,-0.2595318130725153,-0.01850410595814206,-0.001971689652142626,-0.003842199493316714,0.9575972505526283,-0.001971689652142626,-0.013931020069541925,-0.056619728751545674,-0.08062902675138202,-0.2267697680290174,0.2964732572403626,-0.013901138666444525,-0.10780050230910368,0.024729057415664925,0.37163371584833904,-0.06854314108934273,0.4098071084951898,-0.1655928744252054,-0.00608731525014607,-0.2907832186914616,-0.07889474624644358,-0.06632300274639406,-0.04481558233588004,-0.014181285145064558,-0.003462836838641509,-0.14455343002231946,-0.2511635438909479,-0.016905273079868104,-0.010841066218867861,-0.07587631327696895,0.7973088391477755,-0.012519281216196,-0.16278226305242893,-0.11684983794378032,-0.2665036618975206,-0.08648596052138555,-0.014205400470309942,-0.1430192193704983,-0.15250612465550598,0.4178392316181185,0.2678367023507369,-0.1815459561249025,-0.004710485608328236,-0.016866558105310746,-0.20389263067553084,-0.0694047879676145,-0.06164687838416129,-0.2511635438909479,-0.08727537272385358,-0.11140575901322139,-0.06681284400497052,-0.11217781306631494,-0.11597416823532958
Flow_Duration,-0.06048210454438169,1.0,0.9120648793202826,-0.1113174566182577,0.05415621421119679,0.08918656843799348,-0.10619473003587172,0.5877545340318352,0.2153060655306778,0.0012764981693386772,0.06989702989807489,0.006148043211850647,0.020273188862613995,0.7327725432776403,0.5622034568171512,-0.054265791436063075,-0.09535471894488973,0.7438917289335398,0.0012141706738618865,0.0015935965300592863,-0.052689457582030745,0.0012141706738618865,0.7151444741444929,0.009656183200149828,0.8028333437753661,-0.1101712050997017,-0.15152130225011629,0.5721092801690115,-0.010213564621238654,0.0005537345385264559,-0.086556405136536,0.6336428642432854,0.0012764981693386772,-0.0488924354514588,-0.003084585867252901,-0.10248988946747993,0.08918656843799348,0.9566396522574332,0.05415621421119679,0.690755349091047,0.3377176452036868,0.07582489132854935,-0.11042164536979666,0.2429369593465575,0.34761290407662404,0.007581360786285251,-0.05906199242155885,0.5969717728250464,-0.054265791436063075,0.0025967789286150088,-0.08717295449751722,0.7344074322879797,0.36198803019765735,0.020273188862613995,-0.06054419884316091,-0.0028367140303527413,-0.09697075388575846,0.13240281651909722,0.0028270301853683933,0.3186336767163913,-0.10484352155184795,0.7460663044233252,0.8838146248572961,-0.11042164536979666,0.5046736179668704,0.2153060655306778,0.9568283605184291,0.3314863002756392,-0.06306973659736732
Bwd_IAT_Tot,-0.05711981599640587,0.9120648793202826,1.0,-0.12599744944650385,0.04825544212393334,-0.022402475885763953,-0.12260185592826385,0.5228757527955084,0.24569120376519865,-0.025834874010248213,-0.004652902011878774,0.006794080766383086,0.024703371533745643,0.6742531666519299,0.5001801390755479,-0.0807613311338307,-0.10726870225546399,0.6206027128026915,0.0014719052697449602,0.0019885531844975424,-0.050213358721134256,0.0014719052697449602,0.5544323664171162,-0.007351094838107706,0.7188873321146827,-0.12597600083480417,-0.15912774347872222,0.4199855400559441,-0.014531937635283602,-0.007326268556587009,-0.1001357412531007,0.7016667745619053,-0.025834874010248213,-0.0769893979497348,-0.0031042230841534487,-0.11414115147186178,-0.022402475885763953,0.8783727854050583,0.04825544212393334,0.5515769304582114,0.3122230266033362,0.08549934558707577,-0.12481332714789137,0.2183275982498928,0.20055102729857574,0.014044602448429595,-0.05483431381930486,0.645225939005504,-0.0807613311338307,-0.0043196798279827135,-0.10393646606672456,0.6971961265209596,0.32731813243282604,0.024703371533745643,-0.08109169836434509,-0.02834674753930632,-0.09934348039156427,0.1537526267252259,0.0010721780414890626,0.28794051453930575,-0.11578182047763438,0.822225429851496,0.9704540840022953,-0.12481332714789137,0.5175798386405365,0.24569120376519865,0.8786099184657583,0.3738255112221656,-0.08333251910709721
Pkt_Size_Avg,-0.25582284140375533,-0.1113174566182577,-0.12599744944650385,1.0,-0.02139325573865276,0.426189180268941,0.9964263280932393,-0.16908701381292218,0.003413732383908073,-0.17345100834649335,-0.09244542978195387,-0.004601490501531308,0.542250899800797,-0.018802846306478813,-0.013344493347679327,0.6525960192080795,0.9705457603108995,-0.02952848202800597,0.0022191787648582853,-0.0020663575115989876,-0.2519481413792362,0.0022191787648582853,-0.014845922079210691,0.09676247817681671,-0.16143019509985013,0.9278989789057525,-0.21850210454790142,-0.012743104318484336,0.1708055260883936,0.14581163858918747,-0.2548589037541841,-0.163952718976171,-0.17345100834649335,0.642834976299638,-0.019401295605832772,0.4593290767697758,0.426189180268941,-0.1274474411720516,-0.02139325573865276,-0.01543945062574203,-0.005196800043026188,-0.32599413924616705,0.9790215078680031,-0.047837125589314355,-0.007238880612222403,0.12308266264296479,-0.18863856158943265,-0.01724774996697506,0.6525960192080795,0.18809955482039614,0.966407540238924,-0.17364168754512269,-0.03667577284905729,0.542250899800797,0.6401568283264022,-0.13651022288095502,0.47803264673318907,0.1568560819613256,-0.018517027350723473,-0.04634443683336725,0.9011491708552586,-0.1632314251148104,-0.13954196757317344,0.9790215078680031,-0.178256138746944,0.003413732383908073,-0.12886792389903226,-0.30833103301402365,0.32027117951962497
Bwd_PSH_Flags,-0.04481558233588004,0.05415621421119679,0.04825544212393334,-0.02139325573865276,1.0,-0.028161587176498335,-0.022473522554870576,-0.015391846457859888,0.030592527122340105,-0.03944898877475253,-0.019750270347831514,0.014464887451829618,0.007826460250123434,0.08494100002857805,0.0644505219748113,-0.03646875908594735,0.008517723848891691,0.07182646104345015,0.01972682333460417,0.05247434196535915,-0.04600834199838731,0.01972682333460417,0.06333180124712572,-0.020639761918177613,0.01607265164968376,-0.047166644779626433,-0.01227620937667445,0.06282291563305474,0.0863666750470507,0.007514771774016197,-0.12158340581502185,0.008716641779774614,-0.03944898877475253,-0.038058953369688245,0.0031528190358556933,0.15463149024443656,-0.028161587176498335,0.050897795204746556,1.0,0.06732474527544902,0.014187561463007162,0.07794462650788933,-0.01976529297745568,0.006945790807196842,0.03316779632324992,0.11290183805574924,-0.029150888874718475,0.0723168586335893,-0.03646875908594735,0.10689418491479435,0.024947996053300142,0.010253733919085559,0.010976009154347521,0.007826460250123434,-0.03221919960979529,-0.03837284116619619,-0.020189485546730983,0.04514590161764197,0.05394982839700193,0.009961477880321215,-0.04237956069775104,0.024059897847546224,0.04873039032690346,-0.01976529297745568,-0.01763902313207537,0.030592527122340105,0.05163602161597471,-0.052241966947798306,0.02831409547979023
TotLen_Fwd_Pkts,-0.07889474624644358,0.08918656843799348,-0.022402475885763953,0.426189180268941,-0.028161587176498335,1.0,0.4658758114833771,-0.083938561577076,-0.17252655630345948,0.1912630192033845,0.4187058063879435,-0.0020646928987272948,0.09483802548751286,0.06447279229196283,0.05524448579503209,0.7194407978025626,0.40962324749534323,0.03198092318391379,-0.001332836824964624,-0.004956405803072306,-0.04688391732371008,-0.001332836824964624,0.20361269881424998,0.29151228405353735,-0.05366271860056252,0.47913891250155327,-0.2571466605126591,0.039263655117793554,0.005824965378637778,0.07819797418676142,0.12005657360759318,-0.08618334398294587,0.1912630192033845,0.7348669929759551,-0.010229083734745969,-0.01094940876019209,1.0,0.007784374803127648,-0.028161587176498335,0.10686933178253784,0.17490493072836832,-0.19400737020067252,0.4543315667819528,-0.002029681891445608,0.021088459681767334,-0.12960958197310177,-0.12266762450241533,0.04130630501723671,0.7194407978025626,0.04781861800975784,0.44675958145652833,-0.07893224808638187,0.10891484416104487,0.09483802548751286,0.6472790576530526,0.2081760514644868,0.19548367471394507,-0.15313165320155878,-0.009521404424115743,0.04762527413049162,0.419461584766296,-0.07625664381963886,-0.03533524575956255,0.4543315667819528,-0.09469493763090084,-0.17252655630345948,0.007067581639161939,-0.14671383151336925,0.33480624591973596
Pkt_Len_Mean,-0.2564234518121396,-0.10619473003587172,-0.12260185592826385,0.9964263280932393,-0.022473522554870576,0.4658758114833771,1.0,-0.17068189626643032,0.008742741480457599,-0.16381822198187326,-0.07842866461173423,-0.004588786300718404,0.5500645266177597,-0.014013910131528378,-0.009288456883559988,0.6624567636651748,0.9742765189560937,-0.025628672097081712,0.0018942861292137448,-0.002023702770766719,-0.2513889929093476,0.0018942861292137448,-0.007985953107532728,0.13097158535309125,-0.1611695046572117,0.9335521560894738,-0.215671620270896,-0.00804446659606413,0.17485071906894656,0.11700525123639632,-0.23948123058430787,-0.1645241969613662,-0.16381822198187326,0.6574449582418854,-0.019540640180586034,0.4456950384033643,0.4658758114833771,-0.12462114014234643,-0.02247352255487059,-0.009727108495782365,-0.0008430478106398081,-0.32977003635654334,0.9843218888434649,-0.046859636209521355,-0.003994524253206247,0.1175315990828604,-0.19148526639848895,-0.012877681796293753,0.6624567636651748,0.19638504577018925,0.9710076443920546,-0.17419185381469995,-0.03344042133084324,0.5500645266177597,0.6417065615210438,-0.12682946921610636,0.47671818477607386,0.1572102131021472,-0.018673466354210497,-0.0442578188937793,0.897583375486297,-0.16285622553347612,-0.13708400048490796,0.9843218888434649,-0.18034844759978916,0.008742741480457599,-0.12605135099947043,-0.3103498573743004,0.31576497370272444
Idle_Min,-0.0820301901720944,0.5877545340318352,0.5228757527955084,-0.16908701381292218,-0.015391846457859888,-0.083938561577076,-0.17068189626643032,1.0,0.08825153353273207,-0.07575963236901187,-0.09442940874097253,0.003396916274094568,-0.09327951209712969,0.041968165491821065,0.08737533851374502,-0.10701820506585656,-0.1718412413845351,0.2540705188108132,0.002477694649911141,-0.0010120512327549875,-0.0721910124328202,0.002477694649911141,0.14015958341260432,-0.03663729163636144,0.9301083431322239,-0.15261736928811767,-0.23532412188045135,0.18057707119973734,-0.06710546663409166,-0.09453348284440469,-0.14447611144222453,0.7109576273568963,-0.07575963236901187,-0.10866862998378557,-0.0037336873859708415,-0.18476085346294932,-0.08393856157707599,0.702022643875081,-0.015391846457859886,0.15601962324857657,0.009370891862431615,0.10367158100624056,-0.16784803183773397,0.13740504004440943,0.16429930057305192,-0.046039974676611195,-0.07857629005641058,0.055512752664039336,-0.10701820506585656,-0.07148268726191616,-0.1749816037829699,0.9093829909916056,0.10350014757414919,-0.09327951209712969,-0.10051565935233932,-0.07208293183789437,-0.12944032134872158,0.050897595207262905,0.0031562171188535817,0.13182407534268636,-0.137877228853623,0.7032778570259559,0.5916345932722763,-0.16784803183773397,0.8891700306595998,0.08825153353273207,0.7017037804982496,0.5681169453189258,-0.12535980048234038
Tot_Bwd_Pkts,-0.11140575901322139,0.2153060655306778,0.24569120376519865,0.003413732383908073,0.030592527122340105,-0.17252655630345948,0.008742741480457599,0.08825153353273207,1.0,-0.10133251997476682,-0.0563463731683301,0.0014910675996900572,0.7405783843014075,0.08865467865585704,0.09733437776340415,-0.23549622652895452,0.03302971555283321,0.06804060002658495,0.0003677929724388248,0.0034283216032309325,-0.11738986114301557,0.0003677929724388248,0.18078303379160382,-0.07086323086134307,0.11059657683575466,-0.059219802122740424,-0.021826201461512935,0.04721419236237073,0.06670113457418608,-0.21418658387130976,-0.19732984148508195,0.09102777992676744,-0.10133251997476682,-0.23744488671717176,0.0018177353953386815,0.120322646929764,-0.17252655630345948,0.14390861763637225,0.030592527122340098,0.13027569188448535,0.6540774439154471,0.0897347562688058,-0.007752403687554422,0.07680378208194588,0.00433791428155087,0.16943114430718895,-0.06614439708621386,0.11787631627014282,-0.23549622652895452,0.06397275451616434,0.02417481557379463,0.10271601201412137,0.5173058131114953,0.7405783843014075,-0.22346980520825452,-0.11919214106663294,-0.022390326367201896,0.902768476399078,-0.0026035973933804385,0.24994691290745474,-0.01945642274348784,0.11240032532004476,0.17021531506150894,-0.007752403687554422,0.08980608116597731,1.0,0.14446460538366493,0.14549238496536623,-0.09494001998949819
Subflow_Fwd_Pkts,0.4098071084951898,0.0012764981693386772,-0.025834874010248213,-0.17345100834649335,-0.03944898877475253,0.1912630192033845,-0.16381822198187326,-0.07575963236901187,-0.10133251997476682,1.0,0.8643732677968418,-0.0016914972885941299,-0.08937299576621252,0.019510858704998805,0.0228936511801185,-0.021461462964322366,-0.17207447956835809,0.010990373584107512,-0.0018468065708457649,-0.003774480867749956,0.5431583511607129,-0.0018468065708457649,0.0654038363043573,0.0396865423866601,-0.06265690267893811,-0.12487363377400844,0.20438746527515775,0.012764978655957774,-0.07932075456128797,-0.1110348659752122,0.30559584664541534,-0.06643600350676769,1.0,-0.014824661181268284,-0.006181434008774779,-0.22993841107738835,0.1912630192033845,-0.03017273168515446,-0.03944898877475252,0.039185827234136834,0.0873039991312176,-0.11185266399191422,-0.1544137647436872,0.022245589122703382,0.004419517316259894,-0.10406020554665675,0.011027763757587846,0.012797502119718777,-0.021461462964322366,-0.07592733293850278,-0.17028860055438463,-0.07823686369555699,0.0721812194388072,-0.08937299576621252,-0.03392942464628981,0.9921196664740738,0.0495162093135173,-0.15804186553568558,-0.004634023596031401,0.04486244627960073,-0.13586932203532642,-0.062331687319918304,-0.039709995423931,-0.1544137647436872,-0.08862623213372219,-0.10133251997476682,-0.030683939804957414,-0.11509781815758495,-0.03892249477657875
Fwd_Header_Len,0.27897147765601843,0.06989702989807489,-0.004652902011878774,-0.09244542978195387,-0.019750270347831514,0.4187058063879435,-0.07842866461173423,-0.09442940874097253,-0.0563463731683301,0.8643732677968418,1.0,0.0011996018997561917,0.012798752831927478,0.06014837228770127,0.059436823446825014,0.12077184544437562,-0.09100561048641281,0.03769497379437775,-0.0007516789507768366,-0.0012791715751500283,0.3968656150559333,-0.0007516789507768366,0.17841438729595094,0.1388829855032124,-0.06538231905184148,-0.025157826999259454,0.054848469580897015,0.037647149966976476,-0.05175109287885188,-0.01394439039078661,0.09545176666963563,-0.08504046245800066,0.8643732677968418,0.13625115982551297,-0.006406898367502844,0.015453238315651823,0.4187058063879435,-0.004302612711794136,-0.01975027034783152,0.10164298033843538,0.24976261553727822,-0.0005205319826238575,-0.06233162913118284,0.05926502586632289,0.01578086198137108,-0.14185610566394555,-0.04918263681390385,0.04587420525723762,0.12077184544437562,-0.039874334162726774,-0.0844371942573814,-0.09385595371143331,0.2105081044011313,0.012798752831927478,0.08139857280250017,0.8279355578987653,0.03237681501837863,-0.03311380401576954,-0.0009885742700493285,0.12406203529426997,-0.07749734611209148,-0.07393124246566261,-0.029569258446213692,-0.06233162913118284,-0.11406893740189712,-0.05634637316833007,-0.004974108541021011,-0.1510906120041306,0.16272408089708162
ECE_Flag_Cnt,-0.0024985088749869063,0.006148043211850647,0.006794080766383086,-0.004601490501531308,0.014464887451829618,-0.0020646928987272948,-0.004588786300718404,0.003396916274094568,0.0014910675996900572,-0.0016914972885941299,0.0011996018997561917,1.0,-0.0019699286878226067,0.0029205669320070383,0.005437233925223214,-0.0040646798214158016,-0.0040166126356868045,0.002303546544060474,0.27272990463672614,0.31239506492636665,-0.0023522743640652733,0.27272990463672614,0.00659866355362095,-5.073378068824919e-05,0.0038570161347952466,-0.004623684988666597,0.003173132382618264,0.0018092281225740544,-0.000427781862079937,0.0006583334671644214,-0.006047899112087436,0.0023915624560416635,-0.0016914972885941299,-0.0038965849864009555,0.1148999532027799,-0.00010941377695229505,-0.0020646928987272943,0.005644750695442959,0.014464887451829616,0.006713139052763334,0.005197678987705685,0.01720641100308332,-0.004608828790013799,0.0007046348427260038,-0.00012197202557984315,0.0008414952472144033,-0.0020714784342418624,0.005404076965479525,-0.0040646798214158016,-0.00045361096562894683,-0.0042130987782827934,0.0037695618693584687,0.0032035182937464714,-0.0019699286878226067,-0.004298635749681116,-0.0023148205293889524,-0.0029749875672956966,0.005499742264637828,0.118764851430331,0.0018668185170560888,-0.00428193120707673,0.0035359369021335805,0.005970407253572654,-0.004608828790013799,0.00352519441321868,0.0014910675996900567,0.005632857638368534,0.018203534560169418,-0.004181499408314141
Subflow_Bwd_Byts,-0.1430192193704983,0.020273188862613995,0.024703371533745643,0.542250899800797,0.007826460250123434,0.09483802548751286,0.5500645266177597,-0.09327951209712969,0.7405783843014075,-0.08937299576621252,0.012798752831927478,-0.0019699286878226067,1.0,0.016284172415679563,0.022534284781105696,0.14514493724373959,0.5506021374111342,0.0009702706828843774,0.00107145061883339,0.0017273438621146881,-0.14626358644943355,0.00107145061883339,0.09122557744478954,0.04186003604278144,-0.07991444072323525,0.4944457494087802,-0.002297746393284764,0.0066319116371571195,0.1156940010969374,-0.0372961868539724,-0.20612746698100542,-0.08575959997223179,-0.08937299576621255,0.14609632318701113,-0.010631763524380755,0.31827565945968095,0.09483802548751287,-0.04289277874192095,0.007826460250123436,0.047343568247669984,0.5481104801572486,-0.16730917317479768,0.5444538198330057,0.008518121920263173,-0.0017665494407810972,0.11987193039376176,-0.09418655602694828,0.021880315134144717,0.14514493724373959,0.12730261530243125,0.5377369966091333,-0.09352794373977442,0.40454965184522,1.0,0.13781004053824214,-0.09931752023312382,0.2766266408556633,0.7866771864153475,-0.0102952864990355,0.15707646943184647,0.48194382928840335,-0.0795777929434622,-0.038240188601598224,0.5444538198330057,-0.10126551008181252,0.7405783843014075,-0.04368033863729143,-0.17111140284439486,0.030099467938121783
Idle_Std,-0.015331040909948511,0.7327725432776403,0.6742531666519299,-0.018802846306478813,0.08494100002857805,0.06447279229196283,-0.014013910131528378,0.041968165491821065,0.08865467865585704,0.019510858704998805,0.06014837228770127,0.0029205669320070383,0.016284172415679563,1.0,0.5296359686860633,0.005050631821821927,-0.002657247445739497,0.8602313025723287,-9.489685297533912e-05,0.0013420193046746489,-0.013137751835565852,-9.489685297533912e-05,0.6058828582905954,0.02430784119449188,0.40115118286491885,-0.02709894783219576,-0.015646643124727345,0.5723514356309036,0.02945500884349903,0.06510065135543154,-0.012168710388895079,0.38610873375443167,0.019510858704998805,0.010171197000484194,-0.000994719014182558,0.0055372641898043945,0.06447279229196284,0.7211397514501722,0.08494100002857805,0.6335509566292606,0.19161490155416078,0.018913520448200737,-0.019326728088278594,0.1570904890050911,0.36144466419862004,0.03466154235324038,-0.01542852391693598,0.6144208798167865,0.005050631821821927,0.04436626231700229,0.00794347017406968,0.33964456051337233,0.2055779470756055,0.016284172415679563,-0.001439100104391172,0.01613095374764233,-0.026939310196522796,0.0535124510734913,0.0002069788746623986,0.19712385313758332,-0.03043463589204451,0.5086113359764405,0.674548414566204,-0.019326728088278594,0.022343143050098286,0.08865467865585704,0.7211152537988494,0.013417483293028337,0.003281259057115875
Fwd_IAT_Std,-0.009754212151817229,0.5622034568171512,0.5001801390755479,-0.013344493347679327,0.0644505219748113,0.05524448579503209,-0.009288456883559988,0.08737533851374502,0.09733437776340415,0.0228936511801185,0.059436823446825014,0.005437233925223214,0.022534284781105696,0.5296359686860633,1.0,0.006617010783785943,0.003063425815990698,0.46993976286592615,-0.00020646982681581024,0.0028197210309081787,-0.008273359427825913,-0.00020646982681581024,0.790693879698353,0.020854763050496026,0.2541232580779884,-0.02160929102200779,-0.0177935118664951,0.559514933211062,0.021226183227300445,0.02904788798438222,0.0014505742131504234,0.06951724405835565,0.0228936511801185,0.011702768274835856,-0.0006295701733310234,0.001402244844869025,0.05524448579503208,0.5028855743787461,0.0644505219748113,0.8267179465716656,0.2116524538415838,0.022628957357694778,-0.015148164808250843,0.18584827111678573,0.04183040227595076,0.031437617340474636,-0.009995164926820482,0.5968986406074256,0.006617010783785943,0.034348543751912916,0.008293138382329366,0.1424166432866676,0.23594566022251223,0.0225342847811057,0.0007621427537637957,0.020937721140837535,-0.018040427857705855,0.05756534181989575,0.0013659744968742154,0.23127025870496015,-0.02111995138296095,0.19219542374478676,0.44570823974186424,-0.015148164808250843,-0.0009764531679583936,0.09733437776340415,0.5028746150332482,-0.003210053325748882,0.01456705118108382
Fwd_Pkt_Len_Mean,-0.16278226305242893,-0.054265791436063075,-0.0807613311338307,0.6525960192080795,-0.03646875908594735,0.7194407978025626,0.6624567636651748,-0.10701820506585656,-0.23549622652895452,-0.021461462964322366,0.12077184544437562,-0.0040646798214158016,0.14514493724373959,0.005050631821821927,0.006617010783785943,1.0,0.5846789413916399,-0.004424218390737602,-0.00023218610274960616,-0.005890225551928743,-0.14381026925819435,-0.00023218610274960616,0.013683276866702693,0.16414812891739516,-0.09617214623016596,0.6770627918273902,-0.4288686601551898,0.012991097392288266,-0.054445823747682184,0.3894621924551364,0.032943386530837386,-0.11374857009999918,-0.02146146296432235,0.9873805964136861,-0.013245396397702223,0.10378421924803229,0.7194407978025626,-0.0677320201956254,-0.036468759085947336,0.011473541414200705,0.0020158748786853874,-0.2505145613538599,0.646469452313807,-0.027947390139931545,0.011249669392294595,-0.16776331054951976,-0.1546851834643213,0.00014813657238070722,1.0,-0.02438855757298926,0.6206407779117443,-0.10529885093166037,-0.019087869213778953,0.14514493724373959,0.9752147705302444,0.0025168977491714446,0.2807459735806965,-0.17570603921138514,-0.012196780652260783,-0.02568116085435842,0.6674067887131059,-0.11075176703818625,-0.0892021112944686,0.646469452313807,-0.11342723848098864,-0.23549622652895458,-0.06866479008859258,-0.19995804176235762,0.5355525021456676
Bwd_Pkt_Len_Max,-0.2595318130725153,-0.09535471894488973,-0.10726870225546399,0.9705457603108995,0.008517723848891691,0.40962324749534323,0.9742765189560937,-0.1718412413845351,0.03302971555283321,-0.17207447956835809,-0.09100561048641281,-0.0040166126356868045,0.5506021374111342,-0.002657247445739497,0.003063425815990698,0.5846789413916399,1.0,-0.016389505667551058,0.002461235734153273,-0.0014514963594317244,-0.25561722120298225,0.002461235734153273,0.0020429407705040694,0.17309142717706236,-0.15850442433791287,0.8830216958542793,-0.19140359052807185,-9.162517855423577e-05,0.33280210114498593,0.08833907979315898,-0.2610479779995736,-0.16359041919115858,-0.17207447956835806,0.589364061819199,-0.019401807112414182,0.46868498521731583,0.40962324749534323,-0.11554014636818281,0.00851772384889169,0.002330955406576425,0.006210420853179261,-0.3221557706262439,0.9727500937988093,-0.04380974628106975,-0.001824991972007084,0.2745933256248346,-0.19132759442196987,0.0038732947186061514,0.5846789413916398,0.35247113447656825,0.9784679795762309,-0.17288057651159025,-0.028056010687995476,0.5506021374111342,0.554295401795157,-0.13523071165017195,0.45364202204369936,0.18391038037520033,-0.0183224487052664,-0.039566990018494834,0.8010635001652177,-0.1583200756502012,-0.1249815424441419,0.9727500937988093,-0.18214187047096952,0.033029715552833204,-0.11697477965412983,-0.31337665861947206,0.3055638791285643
Flow_IAT_Std,-0.01850410595814206,0.7438917289335398,0.6206027128026915,-0.02952848202800597,0.07182646104345015,0.03198092318391379,-0.025628672097081712,0.2540705188108132,0.06804060002658495,0.010990373584107512,0.03769497379437775,0.002303546544060474,0.0009702706828843774,0.8602313025723287,0.46993976286592615,-0.004424218390737602,-0.016389505667551058,1.0,-0.00016054473519931428,0.0009021278190741701,-0.01589171593919495,-0.00016054473519931428,0.608369709349162,0.018789255007383335,0.546918142626895,-0.034622970310487285,-0.02074443400969186,0.6712544232966567,0.020603425043940065,0.07172339918147046,-0.01235758090951609,0.41976596989356557,0.01099037358410751,-4.223299587933588e-05,-0.0011931507291705033,-0.009546789624069442,0.03198092318391379,0.7612164775234469,0.07182646104345015,0.6495774554771061,0.12301021419050062,0.015781057144642473,-0.02937289855359811,0.2307065191327493,0.5152021690626842,0.025126040950775117,-0.01854899410931255,0.518596364954885,-0.004424218390737602,0.03292016512864683,-0.0069661434681691755,0.40897623004117567,0.2235315582751071,0.0009702706828843774,-0.009081170000654473,0.006104789137608611,-0.03290442334806469,0.0390285672517024,0.001517276275830238,0.24899586398046542,-0.03705343302190013,0.5232777575189399,0.6325605738302144,-0.02937289855359811,0.022596679761055675,0.06804060002658494,0.761202641431323,0.03909273506278095,-0.007340027871868346
Bwd_URG_Flags,-0.001971689652142626,0.0012141706738618865,0.0014719052697449602,0.0022191787648582853,0.01972682333460417,-0.001332836824964624,0.0018942861292137448,0.002477694649911141,0.0003677929724388248,-0.0018468065708457649,-0.0007516789507768366,0.27272990463672614,0.00107145061883339,-9.489685297533912e-05,-0.00020646982681581024,-0.00023218610274960616,0.002461235734153273,-0.00016054473519931428,1.0,0.20225951050905272,-0.001969148701324487,1.0,-0.000315203977874039,-0.0013950464740558625,0.002234918315750746,0.0008084708338144591,-0.0004870269982528401,-0.00028348829173958825,0.0025067171409514774,0.0010436590282990378,-0.005278996956603073,0.002126908515193963,-0.0018468065708457649,-0.0004420832686717546,0.1215410865423726,0.003593331348341442,-0.0013328368249646246,0.001565573824843054,0.01972682333460417,-0.0002976122697427721,-0.00012194453783853328,0.011131466518062483,0.0016674261581009861,-0.0003861790199850356,-0.00021595640056668486,0.003677330475853161,-0.0013978674851823079,7.270715449899138e-05,-0.00023218610274960616,0.0020655594029510105,0.0022683094137078896,0.00256672433607561,-0.000341637576515872,0.0010714506188333897,7.369141676753221e-05,-0.0020278931111667184,0.0008393887764777011,0.0025794250396760383,0.1750486848181169,-0.0003955033876219569,0.0012047043657211892,0.0020913236938055334,0.0016688743317249716,0.0016674261581009861,0.002884528448244414,0.00036779297243882513,0.0015549907202843999,0.015412771621340879,-0.0003795632234477127
CWE_Flag_Count,-0.003842199493316714,0.0015935965300592863,0.0019885531844975424,-0.0020663575115989876,0.05247434196535915,-0.004956405803072306,-0.002023702770766719,-0.0010120512327549875,0.0034283216032309325,-0.003774480867749956,-0.0012791715751500283,0.31239506492636665,0.0017273438621146881,0.0013420193046746489,0.0028197210309081787,-0.005890225551928743,-0.0014514963594317244,0.0009021278190741701,0.20225951050905272,1.0,-0.004012131068896917,0.20225951050905272,0.003310628939470683,-0.0024416912281441,-0.0006144242513951367,-0.001999186972981431,0.005564934494989134,0.0006165414982626647,-0.0010061837625270928,0.0015520560324873388,-0.010599977441844658,-0.0011922972908810939,-0.003774480867749956,-0.0060185373179869935,0.05524971803907244,0.007040992867805097,-0.004956405803072308,0.0009790363437877144,0.052474341965359134,0.0034063592406440774,0.0028008509302668606,0.0067576596867332745,-0.0018604790968617098,-0.00012087318059360713,-0.0003971864908977143,0.0009614116811311336,-0.002357387991143908,0.0029057833336906926,-0.005890225551928742,0.0006202566065926667,-0.0016765137540663744,-0.0007990099947263364,0.0013654004164477356,0.0017273438621146877,-0.005463212744336085,-0.004464500025176433,-0.001838391241421704,0.00693605716210046,0.06754918511380756,0.0005296848431548762,-0.0020371578995903366,-0.0005009832088575475,0.001249395430701256,-0.0018604790968617098,-0.0010626752921486812,0.0034283216032309325,0.0010205670390254196,0.005754214749571638,-0.00407407579208359
Fwd_Pkts/s,0.9575972505526283,-0.052689457582030745,-0.050213358721134256,-0.2519481413792362,-0.04600834199838731,-0.04688391732371008,-0.2513889929093476,-0.0721910124328202,-0.11738986114301557,0.5431583511607129,0.3968656150559333,-0.0023522743640652733,-0.14626358644943355,-0.013137751835565852,-0.008273359427825913,-0.14381026925819435,-0.25561722120298225,-0.01589171593919495,-0.001969148701324487,-0.004012131068896917,1.0,-0.001969148701324487,-0.011339186203728485,-0.04774209539647511,-0.07083308124352941,-0.21862729669399494,0.28221589656714485,-0.011817042612124847,-0.10876913978280786,-0.033817300242286574,0.3626917946505395,-0.06022830400036518,0.543158351160713,-0.1459424624729578,-0.006212487234268215,-0.291392509043105,-0.04688391732371006,-0.05806689803378689,-0.046008341998387305,-0.011952714175099872,-0.0019295081592773686,-0.13880881798742134,-0.2450978650294012,-0.013817677242447207,-0.009231314681071282,-0.08452258081866795,0.5896313958652193,-0.010882471181053762,-0.14381026925819437,-0.1167453361262785,-0.26168003765868186,-0.07610182924574162,-0.011255377933816374,-0.14626358644943352,-0.13528570899779002,0.5492727817879625,0.24774195761123669,-0.18584592544084444,-0.005057315138129569,-0.013570742214522466,-0.19937444969219506,-0.060960667569722786,-0.05408677430409289,-0.2450978650294012,-0.0769663982452581,-0.11738986114301557,-0.058510528988080186,-0.09767672886879541,-0.10501944053736789
URG_Flag_Cnt,-0.001971689652142626,0.0012141706738618865,0.0014719052697449602,0.0022191787648582853,0.01972682333460417,-0.001332836824964624,0.0018942861292137448,0.002477694649911141,0.0003677929724388248,-0.0018468065708457649,-0.0007516789507768366,0.27272990463672614,0.00107145061883339,-9.489685297533912e-05,-0.00020646982681581024,-0.00023218610274960616,0.002461235734153273,-0.00016054473519931428,1.0,0.20225951050905272,-0.001969148701324487,1.0,-0.000315203977874039,-0.0013950464740558625,0.002234918315750746,0.0008084708338144591,-0.0004870269982528401,-0.00028348829173958825,0.0025067171409514774,0.0010436590282990378,-0.005278996956603073,0.002126908515193963,-0.0018468065708457649,-0.0004420832686717546,0.1215410865423726,0.003593331348341442,-0.0013328368249646246,0.001565573824843054,0.01972682333460417,-0.0002976122697427721,-0.00012194453783853328,0.011131466518062483,0.0016674261581009861,-0.0003861790199850356,-0.00021595640056668486,0.003677330475853161,-0.0013978674851823079,7.270715449899138e-05,-0.00023218610274960616,0.0020655594029510105,0.0022683094137078896,0.00256672433607561,-0.000341637576515872,0.0010714506188333897,7.369141676753221e-05,-0.0020278931111667184,0.0008393887764777011,0.0025794250396760383,0.1750486848181169,-0.0003955033876219569,0.0012047043657211892,0.0020913236938055334,0.0016688743317249716,0.0016674261581009861,0.002884528448244414,0.00036779297243882513,0.0015549907202843999,0.015412771621340879,-0.0003795632234477127
Fwd_IAT_Tot,-0.013931020069541925,0.7151444741444929,0.5544323664171162,-0.014845922079210691,0.06333180124712572,0.20361269881424998,-0.007985953107532728,0.14015958341260432,0.18078303379160382,0.0654038363043573,0.17841438729595094,0.00659866355362095,0.09122557744478954,0.6058828582905954,0.790693879698353,0.013683276866702693,0.0020429407705040694,0.608369709349162,-0.000315203977874039,0.003310628939470683,-0.011339186203728485,-0.000315203977874039,1.0,0.041814990549973896,0.33648091355636145,-0.02306509427451471,-0.017139242074383304,0.8078870750055439,0.029339704913822793,0.02281476614851746,0.0031430196789363467,0.15177510644971293,0.0654038363043573,0.02198540106648268,-0.0009861160454927764,0.0004732946985001273,0.20361269881424998,0.6009422152094892,0.06333180124712572,0.9670511324560909,0.39444757411398185,0.018969083738564527,-0.01619446809166432,0.21337807930896313,0.49048468566913594,0.030681855251192807,-0.015271294547238506,0.5353497225208458,0.013683276866702688,0.04509686020286945,0.01403367723971404,0.21155388377056597,0.3792649078682376,0.09122557744478953,-0.00038364527871467873,0.05771704857851129,-0.023731582312931966,0.12059132311890293,0.0014732965310387473,0.30729378953117753,-0.026860301485178758,0.2592680012946961,0.4843324894080048,-0.01619446809166432,0.0018780363958535251,0.1807830337916038,0.6009276517863563,0.0005578208688596844,0.01456884024976116
Fwd_Pkt_Len_Std,-0.056619728751545674,0.009656183200149828,-0.007351094838107706,0.09676247817681671,-0.020639761918177613,0.29151228405353735,0.13097158535309125,-0.03663729163636144,-0.07086323086134307,0.0396865423866601,0.1388829855032124,-5.073378068824919e-05,0.04186003604278144,0.02430784119449188,0.020854763050496026,0.16414812891739516,0.17309142717706236,0.018789255007383335,-0.0013950464740558625,-0.0024416912281441,-0.04774209539647511,-0.0013950464740558625,0.041814990549973896,1.0,-0.024171936138694422,0.2012579808084145,-0.08825630315830262,0.036455314738159626,0.3044262129454829,-0.14071089939088133,0.05122786159325516,-0.026948915860239644,0.039686542386660105,0.31576822545691724,-0.0035657718376092017,-0.00794202517348247,0.29151228405353735,-0.004814464620177026,-0.02063976191817761,0.03683871834488878,0.011873669369165313,-0.07980265812777029,0.19151804038777923,-0.0057490142696865545,0.03144467980936342,-0.052120437189812095,-0.05859312819661884,0.013797742999701374,0.16414812891739516,0.3786507523565749,0.1961416173942627,-0.029080728333557106,0.0021870237012321632,0.04186003604278144,-0.048177386309065054,0.04665227846462797,0.02136740449889137,-0.06240573960505215,-0.0033141143938438798,-0.0020667037625059464,-0.09411738488398083,-0.023256337362373865,-0.011562729325029842,0.19151804038777923,-0.0403067122972285,-0.07086323086134308,-0.005101951035558099,-0.06182972564854967,0.1510219234941183
Idle_Mean,-0.08062902675138202,0.8028333437753661,0.7188873321146827,-0.16143019509985013,0.01607265164968376,-0.05366271860056252,-0.1611695046572117,0.9301083431322239,0.11059657683575466,-0.06265690267893811,-0.06538231905184148,0.0038570161347952466,-0.07991444072323525,0.40115118286491885,0.2541232580779884,-0.09617214623016596,-0.15850442433791287,0.546918142626895,0.002234918315750746,-0.0006144242513951367,-0.07083308124352941,0.002234918315750746,0.33648091355636145,-0.024171936138694422,1.0,-0.14924922141493202,-0.22034797797544647,0.3673595905028844,-0.050907256038297884,-0.0625792793349222,-0.1367908809050941,0.7990590227672872,-0.0626569026789381,-0.09576196704807023,-0.0037781238003686958,-0.16706000724801076,-0.05366271860056254,0.8995507719497167,0.01607265164968376,0.3589446666130107,0.0734125669275845,0.10090189274122623,-0.16041170301294835,0.18154678480154043,0.2855160565442145,-0.030121757866104954,-0.07749571331881164,0.2579518046894652,-0.09617214623016596,-0.04958656594506053,-0.1572812369990899,0.9594263385154916,0.1656990365311405,-0.07991444072323528,-0.09265957911184391,-0.06060302935259608,-0.12817595409673452,0.06436491890302445,0.0028486214543241182,0.18974255563199055,-0.13711805448389286,0.8337798883678958,0.7808490539946847,-0.16041170301294835,0.8216692182676908,0.11059657683575468,0.8992498196702701,0.5250705658068614,-0.11417761579425066
Bwd_Pkt_Len_Min,-0.2267697680290174,-0.1101712050997017,-0.12597600083480417,0.9278989789057525,-0.047166644779626433,0.47913891250155327,0.9335521560894738,-0.15261736928811767,-0.059219802122740424,-0.12487363377400844,-0.025157826999259454,-0.004623684988666597,0.4944457494087802,-0.02709894783219576,-0.02160929102200779,0.6770627918273902,0.8830216958542793,-0.034622970310487285,0.0008084708338144591,-0.001999186972981431,-0.21862729669399494,0.0008084708338144591,-0.02306509427451471,0.2012579808084145,-0.14924922141493202,1.0,-0.2750445815573078,-0.01569530144116933,-0.02449122262734885,0.17806302628339787,-0.16744980641298368,-0.15333923512407063,-0.12487363377400841,0.6825759737439373,-0.01764740719575856,0.3513934546384975,0.47913891250155327,-0.12341169531391151,-0.04716664477962644,-0.0226304263973773,-0.012669166332121992,-0.31146815989187515,0.9663068533611863,-0.04555431613373952,-0.005779380443724434,-0.20683935927974378,-0.177108011747249,-0.026420459914294803,0.67706279182739,0.009204976113185616,0.8649988420171677,-0.15909239074801698,-0.03925628316388097,0.4944457494087802,0.6418053444889917,-0.09227482454975461,0.45447307728231284,0.06381236647369849,-0.016524426240157517,-0.04624301708974638,0.9055010731761503,-0.1548525471826072,-0.13726255531059295,0.9663068533611863,-0.1605460296017921,-0.059219802122740445,-0.12469007756611951,-0.27575999292397385,0.3610086341753438
Src_Port,0.2964732572403626,-0.15152130225011629,-0.15912774347872222,-0.21850210454790142,-0.01227620937667445,-0.2571466605126591,-0.215671620270896,-0.23532412188045135,-0.021826201461512935,0.20438746527515775,0.054848469580897015,0.003173132382618264,-0.002297746393284764,-0.015646643124727345,-0.0177935118664951,-0.4288686601551898,-0.19140359052807185,-0.02074443400969186,-0.0004870269982528401,0.005564934494989134,0.28221589656714485,-0.0004870269982528401,-0.017139242074383304,-0.08825630315830262,-0.22034797797544647,-0.2750445815573078,1.0,-0.006571348807469899,0.03722524345407496,-0.18589966958374787,0.4635154813467181,-0.19960148133617572,0.20438746527515775,-0.4259461681211781,-0.010133998900445862,-0.18488017796387313,-0.2571466605126591,-0.17171474191246558,-0.012276209376674448,-0.01529668277266225,-0.011143814109407853,-0.05154074311106376,-0.23669524484298904,-0.05858996159626295,0.002700453876525597,0.1656900103501123,0.23910582454770538,-0.028344361855344224,-0.4288686601551896,0.023445791495272667,-0.19572846597008067,-0.24006655348831749,-0.04845363297289301,-0.002297746393284756,-0.41463322725861596,0.19312735616244867,0.012913533082891214,-0.09995109956082723,-0.018923564681519657,-0.058278416429299665,-0.2193888886913882,-0.2001499133152084,-0.17519981739234675,-0.23669524484298904,-0.25631417617314783,-0.021826201461512932,-0.17329141272898516,-0.3878339286037742,-0.5982946622990081
